\* Investimento Mínimo *\
Minimize
OBJ: 1524 A01 + 121 A02 + 141 A03 + 120.1 A04 + 102.48 A05 + 110.64 A06
 + 526.85 A07 + 116.15 A08 + 94.29 A09
Subject To
_C1: 1524 A01 >= 0.117121629492
_C2: 121 A02 >= 0.0286247987256
_C3: 141 A03 >= 0.0794905034154
_C4: 120.1 A04 >= 0.0405831396484
_C5: 102.48 A05 >= 0.0734462574391
_C6: 110.64 A06 >= 0.14774587553
_C7: 526.85 A07 >= 0.139682036074
_C8: 116.15 A08 >= 0.361075157611
_C9: 94.29 A09 >= 0.012230602064
End
