\* Investimento_Mínimo *\
Minimize
OBJ: 176.76 A01 + 184.5 A02 + 6.36 A03 + 117 A04 + 116.5 A05 + 100.14 A06
Subject To
_C1: 176.76 A01 >= 0.124909925347
_C2: 184.5 A02 >= 0.00239157814053
_C3: 6.36 A03 >= 0.00351694337691
_C4: 117 A04 >= 0.00562469246538
_C5: 116.5 A05 >= 0.239353120714
_C6: 100.14 A06 >= 0.624203739956
End
